%YAML:1.0
---
colors 0: [ 71, 59, 47, 190, 184, 171, 20, 17, 19, 26, 24, 24, 24, 19,
    34, 26, 24, 24, 140, 141, 137, 187, 185, 174, 132, 136, 131, 131,
    132, 128, 202, 205, 180, 159, 152, 132, 80, 81, 71, 125, 129, 124,
    135, 136, 134, 133, 135, 129, 119, 120, 124, 52, 46, 41, 138, 138,
    132, 52, 46, 39, 113, 111, 117, 23, 19, 31, 117, 122, 121, 90, 89,
    91, 95, 83, 59, 101, 91, 67, 62, 55, 46, 63, 56, 47, 84, 80, 69, 16,
    15, 25, 83, 75, 58, 242, 242, 224, 93, 80, 58, 242, 244, 225, 64, 62,
    61, 22, 19, 34, 53, 36, 123, 242, 244, 225, 52, 37, 121, 168, 154,
    118, 127, 130, 135, 16, 15, 25, 56, 41, 125, 126, 129, 134, 35, 27,
    28, 245, 247, 228, 77, 77, 83, 59, 48, 128, 37, 39, 40, 38, 37, 39,
    61, 73, 97, 50, 67, 94, 47, 64, 91, 232, 228, 210, 207, 215, 205, 29,
    30, 51, 51, 71, 96, 87, 116, 123, 172, 181, 171, 85, 88, 86, 87, 116,
    123, 76, 79, 83, 202, 203, 193, 93, 91, 97, 48, 40, 105, 75, 63, 45,
    162, 163, 153, 225, 235, 222, 148, 149, 139, 114, 121, 118, 24, 23,
    43, 96, 102, 97, 171, 172, 163, 63, 84, 116, 131, 142, 134, 173, 172,
    162, 185, 189, 164, 176, 183, 168, 128, 121, 104, 135, 142, 145, 90,
    102, 106, 125, 134, 144, 119, 124, 122, 172, 168, 157, 149, 160, 150,
    94, 108, 114, 93, 88, 85, 27, 26, 30, 124, 132, 145, 128, 142, 148,
    36, 34, 40, 15, 17, 35, 93, 98, 96, 21, 17, 23, 132, 140, 133, 96,
    101, 99, 135, 146, 136, 169, 176, 163, 76, 81, 80, 230, 225, 210,
    170, 176, 159, 88, 77, 55, 32, 27, 26, 56, 54, 44, 77, 79, 79, 59,
    55, 44, 90, 112, 124, 236, 239, 224, 52, 48, 47, 22, 18, 24, 142,
    142, 136, 17, 13, 18, 141, 142, 126, 23, 18, 27, 65, 83, 114, 92,
    110, 121, 94, 104, 104, 27, 23, 22, 173, 167, 144, 20, 18, 24, 65,
    70, 85, 97, 115, 126, 196, 198, 176, 27, 38, 52, 66, 78, 102, 126,
    128, 122, 67, 61, 50, 153, 151, 143, 54, 40, 128, 72, 62, 44, 62, 48,
    136, 142, 142, 136, 52, 60, 77, 46, 50, 68, 68, 62, 51, 79, 80, 130,
    43, 40, 36, 134, 143, 140, 24, 28, 53, 59, 46, 132, 143, 145, 139,
    96, 116, 121, 71, 68, 123, 238, 239, 223, 202, 201, 181, 31, 34, 42,
    139, 138, 134, 55, 40, 124, 24, 27, 55, 26, 28, 59, 122, 127, 128,
    77, 74, 130, 130, 138, 131, 102, 121, 124, 55, 39, 127, 54, 40, 128,
    177, 181, 169, 163, 159, 148, 26, 28, 59, 71, 69, 121, 17, 13, 19,
    158, 156, 148, 177, 182, 167, 110, 114, 109, 201, 205, 194, 104, 101,
    97, 28, 23, 25, 192, 193, 173, 85, 73, 55, 74, 71, 127, 149, 147,
    139, 203, 204, 184, 123, 130, 125, 37, 34, 36, 130, 138, 131, 32, 29,
    38, 26, 33, 48, 116, 111, 108, 107, 115, 114, 74, 74, 128, 106, 114,
    114, 17, 20, 35, 115, 118, 132, 211, 213, 193, 90, 95, 93, 55, 38,
    129, 26, 20, 21, 106, 114, 114, 97, 121, 133, 17, 21, 39, 136, 146,
    140, 162, 160, 150, 75, 78, 116, 191, 191, 173, 202, 203, 183, 100,
    123, 131, 18, 22, 40, 162, 160, 150, 179, 183, 178, 95, 117, 123 ]
colors 1: [ 57, 49, 42, 254, 254, 254, 192, 200, 189, 130, 131, 129, 129,
    130, 126, 254, 254, 254, 135, 135, 129, 129, 132, 130, 94, 87, 72,
    135, 136, 127, 94, 80, 68, 92, 79, 65, 59, 46, 32, 48, 39, 30, 217,
    216, 202, 132, 133, 129, 215, 215, 203, 130, 135, 126, 133, 134, 130,
    134, 133, 129, 69, 97, 131, 25, 23, 42, 92, 82, 75, 39, 38, 42, 74,
    71, 126, 193, 193, 181, 132, 137, 140, 138, 140, 140, 71, 80, 94, 43,
    44, 42, 239, 240, 224, 98, 89, 76, 79, 66, 52, 48, 54, 61, 241, 242,
    226, 115, 121, 116, 20, 18, 18, 147, 148, 146, 40, 38, 38, 21, 17,
    23, 22, 17, 26, 23, 22, 24, 101, 117, 123, 46, 46, 46, 97, 109, 113,
    40, 17, 121, 25, 22, 24, 87, 97, 97, 26, 23, 25, 24, 20, 45, 138,
    138, 132, 19, 15, 14, 229, 233, 214, 60, 99, 121, 39, 46, 49, 32, 33,
    59, 21, 20, 22, 48, 97, 123, 38, 99, 125, 100, 116, 122, 60, 103,
    122, 70, 68, 127, 93, 100, 103, 108, 116, 115, 72, 77, 78, 99, 115,
    121, 71, 79, 79, 89, 75, 56, 94, 101, 104, 72, 70, 70, 96, 111, 114,
    146, 146, 140, 92, 101, 104, 74, 79, 80, 95, 112, 115, 19, 16, 18,
    21, 20, 22, 103, 110, 107, 54, 102, 120, 28, 32, 57, 94, 109, 112,
    149, 158, 148, 72, 77, 78, 130, 139, 129, 43, 100, 121, 55, 102, 123,
    91, 103, 105, 140, 140, 122, 101, 106, 105, 53, 45, 32, 144, 144,
    138, 112, 118, 113, 51, 42, 28, 66, 109, 126, 56, 103, 124, 74, 87,
    101, 146, 150, 139, 68, 74, 133, 84, 91, 88, 99, 116, 119, 153, 146,
    129, 182, 183, 167, 183, 184, 174, 189, 192, 183, 30, 26, 31, 74, 79,
    80, 43, 40, 42, 61, 53, 36, 181, 185, 173, 146, 149, 140, 121, 127,
    122, 139, 138, 134, 104, 115, 112, 81, 87, 86, 124, 123, 119, 32, 72,
    97, 181, 186, 171, 93, 115, 121, 120, 117, 113, 183, 188, 179, 67,
    70, 114, 66, 97, 118, 56, 99, 120, 79, 85, 84, 137, 142, 133, 69, 76,
    73, 99, 114, 117, 33, 30, 32, 189, 192, 183, 75, 83, 83, 23, 21, 20,
    35, 30, 27, 70, 76, 75, 71, 79, 79, 112, 118, 113, 188, 189, 179, 18,
    19, 17, 185, 189, 177, 185, 189, 177, 11, 12, 10, 63, 69, 68, 41, 83,
    106, 83, 86, 90, 73, 78, 76, 194, 196, 190, 187, 188, 178, 187, 189,
    177, 184, 188, 177, 76, 76, 130, 182, 184, 172, 187, 188, 178, 74,
    79, 77, 229, 230, 214, 80, 86, 85, 68, 75, 72, 50, 55, 53, 70, 89,
    97, 38, 38, 38, 73, 77, 78, 15, 18, 16, 144, 152, 142, 187, 187, 175,
    24, 21, 23, 97, 116, 119, 174, 180, 169, 98, 119, 121, 53, 96, 113,
    23, 20, 22, 229, 229, 215, 175, 181, 170, 80, 91, 89, 98, 113, 115,
    88, 79, 59, 96, 114, 115, 66, 72, 67, 193, 195, 189, 77, 85, 85, 129,
    134, 125, 78, 87, 90, 43, 87, 111, 184, 186, 174, 41, 23, 124, 179,
    183, 172, 116, 103, 77, 29, 24, 26, 98, 118, 119, 75, 83, 83, 79,
    104, 130, 40, 32, 32, 177, 181, 170, 68, 79, 77, 170, 180, 168, 226,
    228, 216, 187, 195, 185, 175, 179, 168, 110, 113, 111, 87, 110, 142,
    23, 23, 23, 71, 76, 121, 82, 95, 97, 81, 87, 82, 24, 24, 24, 24, 21,
    23, 16, 13, 15, 174, 181, 168, 16, 13, 15, 143, 148, 139, 24, 27, 41,
    110, 129, 137, 64, 72, 71, 100, 120, 125, 47, 42, 43, 175, 182, 169,
    189, 189, 183 ]
colors 2: [ 239, 238, 228, 69, 57, 45, 81, 72, 62, 221, 228, 215, 255,
    255, 254, 203, 199, 181, 85, 70, 44, 203, 206, 181, 255, 254, 250,
    90, 78, 66, 255, 250, 227, 78, 64, 52, 68, 56, 44, 75, 67, 54, 77,
    68, 55, 209, 186, 140, 208, 181, 137, 209, 211, 189, 197, 195, 165,
    236, 220, 183, 197, 200, 178, 25, 20, 22, 236, 220, 183, 152, 140,
    112, 148, 144, 120, 72, 61, 34, 148, 144, 120, 166, 157, 143, 63, 56,
    41, 86, 86, 74, 255, 253, 218, 255, 250, 213, 68, 56, 44, 165, 149,
    136, 72, 63, 50, 58, 47, 33, 95, 80, 64, 51, 35, 22, 65, 58, 39, 55,
    39, 33, 255, 255, 221, 49, 35, 23, 113, 95, 66, 155, 132, 116, 127,
    109, 86, 64, 51, 37, 87, 91, 86, 54, 42, 32, 152, 130, 118, 54, 45,
    31, 76, 70, 65, 77, 60, 39, 221, 230, 217, 72, 67, 66, 75, 66, 62,
    45, 40, 41, 62, 49, 35, 37, 95, 117, 83, 84, 80, 102, 93, 66, 89, 93,
    88, 31, 79, 103, 114, 110, 92, 90, 76, 57, 255, 255, 254, 37, 86,
    108, 61, 43, 26, 67, 55, 43, 74, 72, 78, 228, 230, 201, 226, 228,
    199, 86, 90, 85, 81, 124, 127, 89, 93, 88, 79, 60, 39, 64, 63, 65,
    96, 95, 99, 36, 33, 35, 28, 56, 80, 75, 104, 135, 16, 18, 18, 208,
    179, 134, 69, 68, 72, 17, 15, 15, 35, 71, 87, 36, 96, 120, 218, 190,
    129, 72, 75, 79, 61, 109, 121, 41, 39, 39, 70, 118, 124, 195, 198,
    183, 54, 99, 112, 56, 95, 110, 17, 14, 16, 198, 199, 183, 196, 200,
    181, 108, 116, 109, 196, 200, 181, 58, 44, 32, 87, 91, 85, 74, 83,
    80, 117, 105, 101, 34, 32, 32, 74, 83, 80, 58, 104, 121, 74, 118,
    125, 42, 40, 40, 66, 96, 101, 42, 67, 77, 48, 98, 118, 51, 101, 119,
    57, 110, 123, 135, 119, 106, 38, 36, 36, 35, 36, 34, 17, 18, 28, 129,
    114, 105, 117, 105, 101, 51, 42, 28, 35, 33, 33, 68, 69, 65, 255,
    252, 254, 14, 14, 14, 60, 101, 116, 73, 122, 130, 254, 254, 254, 62,
    56, 61, 59, 92, 95, 100, 89, 69, 51, 103, 120, 79, 86, 83, 43, 81,
    93, 66, 99, 119, 39, 31, 31, 22, 22, 22, 76, 85, 82, 54, 96, 115, 76,
    115, 123, 29, 77, 101, 76, 85, 82, 54, 99, 110, 47, 35, 33, 43, 44,
