%YAML:1.0
---
Matches 0:
   - [ 0, 0, 1, 3.0682485550642014e-02 ]
   - [ 1, 1, 1, 7.1445368230342865e-02 ]
   - [ 3, 3, 1, 7.3504745960235596e-02 ]
   - [ 6, 6, 1, 4.1519328951835632e-02 ]
   - [ 7, 7, 1, 3.9214871823787689e-02 ]
   - [ 8, 10, 1, 6.8013228476047516e-02 ]
   - [ 12, 11, 1, 1.2785884737968445e-01 ]
   - [ 13, 15, 1, 1.2083058804273605e-01 ]
   - [ 15, 13, 1, 8.1684619188308716e-02 ]
   - [ 16, 20, 1, 8.7858483195304871e-02 ]
   - [ 18, 12, 1, 1.1763981729745865e-01 ]
   - [ 19, 19, 1, 4.3841142207384109e-02 ]
   - [ 20, 21, 1, 4.4688209891319275e-02 ]
   - [ 21, 17, 1, 1.1506083607673645e-01 ]
   - [ 22, 41, 1, 1.1903231590986252e-01 ]
   - [ 23, 18, 1, 7.3157064616680145e-02 ]
   - [ 25, 23, 1, 7.2120331227779388e-02 ]
   - [ 26, 36, 1, 9.4760030508041382e-02 ]
   - [ 27, 26, 1, 7.5421147048473358e-02 ]
   - [ 31, 31, 1, 1.0151261091232300e-01 ]
   - [ 32, 52, 1, 5.0550073385238647e-02 ]
   - [ 34, 33, 1, 1.2937484681606293e-01 ]
   - [ 35, 29, 1, 5.9051204472780228e-02 ]
   - [ 37, 25, 1, 5.5132508277893066e-02 ]
   - [ 38, 43, 1, 5.3251083940267563e-02 ]
   - [ 39, 37, 1, 5.6034307926893234e-02 ]
   - [ 40, 38, 1, 9.7033664584159851e-02 ]
   - [ 41, 32, 1, 6.8074449896812439e-02 ]
   - [ 42, 51, 1, 4.0147539228200912e-02 ]
   - [ 45, 46, 1, 3.0821088701486588e-02 ]
   - [ 47, 40, 1, 8.1349864602088928e-02 ]
   - [ 48, 45, 1, 3.8684789091348648e-02 ]
   - [ 49, 65, 1, 4.1454784572124481e-02 ]
   - [ 50, 61, 1, 1.3530267775058746e-01 ]
   - [ 51, 57, 1, 1.1378020793199539e-01 ]
   - [ 52, 68, 1, 1.1096052080392838e-01 ]
   - [ 53, 44, 1, 1.1916945129632950e-01 ]
   - [ 54, 47, 1, 8.6117133498191833e-02 ]
   - [ 55, 39, 1, 6.4020849764347076e-02 ]
   - [ 56, 62, 1, 3.7534162402153015e-02 ]
   - [ 57, 55, 1, 5.8320321142673492e-02 ]
   - [ 58, 56, 1, 6.5737880766391754e-02 ]
   - [ 59, 79, 1, 5.9059791266918182e-02 ]
   - [ 61, 66, 1, 4.5217696577310562e-02 ]
   - [ 65, 39, 1, 6.5239712595939636e-02 ]
   - [ 67, 86, 1, 6.0569617897272110e-02 ]
   - [ 69, 63, 1, 3.5485185682773590e-02 ]
   - [ 71, 53, 1, 1.0059309750795364e-01 ]
   - [ 72, 67, 1, 5.4899670183658600e-02 ]
   - [ 74, 74, 1, 4.6402946114540100e-02 ]
   - [ 76, 92, 1, 9.8807848989963531e-02 ]
   - [ 78, 71, 1, 4.8436921089887619e-02 ]
   - [ 82, 78, 1, 3.6446020007133484e-02 ]
   - [ 83, 82, 1, 3.7639636546373367e-02 ]
   - [ 84, 67, 1, 5.3894102573394775e-02 ]
   - [ 87, 78, 1, 1.3094823062419891e-01 ]
   - [ 90, 88, 1, 1.1644513905048370e-01 ]
   - [ 93, 89, 1, 9.3435965478420258e-02 ]
   - [ 95, 91, 1, 7.6057784259319305e-02 ]
   - [ 99, 87, 1, 9.5891848206520081e-02 ]
   - [ 100, 100, 1, 9.6394501626491547e-02 ]
   - [ 101, 107, 1, 3.1816873699426651e-02 ]
   - [ 104, 129, 1, 3.8575105369091034e-02 ]
   - [ 106, 70, 1, 1.3139909505844116e-01 ]
   - [ 107, 96, 1, 6.1368335038423538e-02 ]
   - [ 111, 109, 1, 1.2774106860160828e-01 ]
   - [ 112, 117, 1, 5.2388899028301239e-02 ]
   - [ 114, 99, 1, 5.7632673531770706e-02 ]
   - [ 116, 115, 1, 1.0682574659585953e-01 ]
   - [ 117, 138, 1, 2.7074491605162621e-02 ]
   - [ 120, 75, 1, 7.5976893305778503e-02 ]
   - [ 122, 105, 1, 1.1123124510049820e-01 ]
   - [ 126, 135, 1, 9.0932510793209076e-02 ]
   - [ 127, 142, 1, 4.2488485574722290e-02 ]
   - [ 128, 104, 1, 8.5395589470863342e-02 ]
   - [ 129, 122, 1, 9.1780602931976318e-02 ]
   - [ 130, 138, 1, 2.3573238402605057e-02 ]
   - [ 134, 126, 1, 4.1379995644092560e-02 ]
   - [ 136, 130, 1, 8.2970939576625824e-02 ]
   - [ 137, 119, 1, 1.0932764410972595e-01 ]
   - [ 140, 160, 1, 5.5304635316133499e-02 ]
   - [ 141, 125, 1, 1.1854602396488190e-01 ]
   - [ 144, 149, 1, 1.2693464756011963e-01 ]
   - [ 145, 124, 1, 1.1014335602521896e-01 ]
   - [ 146, 141, 1, 5.3284354507923126e-02 ]
   - [ 147, 151, 1, 4.0083184838294983e-02 ]
   - [ 149, 168, 1, 6.1411194503307343e-02 ]
   - [ 150, 119, 1, 7.3860615491867065e-02 ]
   - [ 155, 108, 1, 8.8425233960151672e-02 ]
   - [ 156, 158, 1, 7.2452209889888763e-02 ]
   - [ 157, 150, 1, 2.9490375891327858e-02 ]
   - [ 158, 148, 1, 7.2140216827392578e-02 ]
   - [ 159, 211, 1, 1.2062647938728333e-01 ]
   - [ 161, 137, 1, 7.8014254570007324e-02 ]
   - [ 162, 164, 1, 2.9476331546902657e-02 ]
   - [ 163, 140, 1, 4.5833613723516464e-02 ]
   - [ 165, 159, 1, 8.5893899202346802e-02 ]
   - [ 166, 128, 1, 9.0917699038982391e-02 ]
   - [ 167, 134, 1, 1.1864788830280304e-01 ]
   - [ 169, 162, 1, 6.5862543880939484e-02 ]
   - [ 172, 143, 1, 6.0797195881605148e-02 ]
   - [ 174, 157, 1, 8.8157527148723602e-02 ]
   - [ 175, 252, 1, 1.2365183234214783e-01 ]
   - [ 179, 184, 1, 7.8631736338138580e-02 ]
   - [ 180, 214, 1, 6.1456717550754547e-02 ]
   - [ 181, 179, 1, 1.0530124604701996e-01 ]
   - [ 183, 193, 1, 1.3105480372905731e-01 ]
   - [ 190, 163, 1, 4.8198509961366653e-02 ]
   - [ 191, 194, 1, 1.1780875921249390e-01 ]
   - [ 195, 175, 1, 6.5492771565914154e-02 ]
   - [ 196, 181, 1, 8.9430063962936401e-02 ]
   - [ 197, 156, 1, 1.1746200919151306e-01 ]
   - [ 200, 145, 1, 1.0652426630258560e-01 ]
   - [ 201, 144, 1, 5.1921058446168900e-02 ]
   - [ 203, 191, 1, 6.8244487047195435e-02 ]
   - [ 204, 190, 1, 8.9175343513488770e-02 ]
   - [ 208, 208, 1, 1.2016937136650085e-01 ]
   - [ 209, 187, 1, 7.1500435471534729e-02 ]
   - [ 216, 200, 1, 6.0356620699167252e-02 ]
   - [ 223, 202, 1, 1.1207005381584167e-01 ]
   - [ 224, 175, 1, 1.3860413432121277e-01 ]
   - [ 225, 240, 1, 1.3295175135135651e-01 ]
   - [ 226, 254, 1, 1.1961179226636887e-01 ]
   - [ 227, 259, 1, 4.3655615299940109e-02 ]
   - [ 228, 233, 1, 5.1407009363174438e-02 ]
   - [ 229, 263, 1, 9.2100873589515686e-02 ]
   - [ 233, 174, 1, 7.6324179768562317e-02 ]
   - [ 234, 128, 1, 7.5075879693031311e-02 ]
   - [ 235, 274, 1, 8.1736907362937927e-02 ]
   - [ 237, 177, 1, 4.5027669519186020e-02 ]
   - [ 238, 252, 1, 1.2239159643650055e-01 ]
   - [ 239, 203, 1, 5.9631086885929108e-02 ]
   - [ 240, 261, 1, 6.3127472996711731e-02 ]
   - [ 242, 222, 1, 7.9042650759220123e-02 ]
   - [ 243, 220, 1, 1.2801960110664368e-01 ]
   - [ 254, 217, 1, 6.3564129173755646e-02 ]
   - [ 256, 214, 1, 1.3616074621677399e-01 ]
   - [ 257, 227, 1, 4.4701326638460159e-02 ]
   - [ 259, 210, 1, 1.3581633567810059e-01 ]
   - [ 260, 212, 1, 2.8052138164639473e-02 ]
   - [ 261, 199, 1, 4.0517546236515045e-02 ]
   - [ 264, 314, 1, 3.8761831820011139e-02 ]
   - [ 265, 231, 1, 1.2219718098640442e-01 ]
   - [ 268, 216, 1, 3.2506745308637619e-02 ]
   - [ 273, 199, 1, 6.8145498633384705e-02 ]
   - [ 274, 364, 1, 6.1933416873216629e-02 ]
   - [ 277, 205, 1, 8.4275163710117340e-02 ]
   - [ 279, 261, 1, 2.1550722420215607e-02 ]
   - [ 280, 270, 1, 5.9124466031789780e-02 ]
   - [ 281, 228, 1, 6.5517909824848175e-02 ]
   - [ 285, 288, 1, 1.3650733232498169e-01 ]
   - [ 290, 269, 1, 7.9787962138652802e-02 ]
   - [ 291, 96, 1, 1.3347500562667847e-01 ]
   - [ 294, 221, 1, 7.2700627148151398e-02 ]
   - [ 296, 307, 1, 6.6132612526416779e-02 ]
   - [ 299, 318, 1, 5.3813874721527100e-02 ]
   - [ 300, 321, 1, 5.1531471312046051e-02 ]
   - [ 304, 272, 1, 5.2111905068159103e-02 ]
   - [ 307, 237, 1, 3.4421898424625397e-02 ]
   - [ 309, 343, 1, 2.8377721086144447e-02 ]
   - [ 312, 245, 1, 8.0204926431179047e-02 ]
   - [ 313, 266, 1, 3.2031826674938202e-02 ]
   - [ 314, 273, 1, 1.0113520920276642e-01 ]
   - [ 315, 467, 1, 1.3828773796558380e-01 ]
   - [ 317, 291, 1, 5.2874479442834854e-02 ]
   - [ 318, 311, 1, 4.2973317205905914e-02 ]
   - [ 319, 247, 1, 8.6533926427364349e-02 ]
   - [ 320, 247, 1, 7.6953664422035217e-02 ]
   - [ 321, 285, 1, 3.4235574305057526e-02 ]
   - [ 322, 324, 1, 1.1294148862361908e-01 ]
   - [ 323, 302, 1, 2.8411541134119034e-02 ]
   - [ 325, 280, 1, 4.4040527194738388e-02 ]
   - [ 329, 278, 1, 5.7328242808580399e-02 ]
   - [ 331, 344, 1, 9.6877828240394592e-02 ]
   - [ 333, 328, 1, 5.9045977890491486e-02 ]
   - [ 335, 312, 1, 3.2966032624244690e-02 ]
   - [ 336, 421, 1, 4.6550408005714417e-02 ]
   - [ 338, 586, 1, 9.5524027943611145e-02 ]
   - [ 339, 324, 1, 9.3208715319633484e-02 ]
   - [ 341, 267, 1, 5.6475453078746796e-02 ]
